2.9  0.0027  0.0060 
5.7  0.0149  0.0267 
8.6  0.0443  0.0555 
11.5  0.0814  0.1177 
14.3  0.1271  0.1893 
17.2  0.1945  0.2797 
20.1  0.2637  0.3567 
22.9  0.3320  0.4357 
25.8  0.3971  0.5073 
28.6  0.4726  0.5749 
31.5  0.5504  0.6204 
34.4  0.6047  0.6646 
37.2  0.6762  0.7081 
40.1  0.7232  0.7429 
43.0  0.7680  0.7717 
45.8  0.8046  0.7978 
48.7  0.8381  0.8252 
51.6  0.8630  0.8426 
54.4  0.8870  0.8667 
57.3  0.9069  0.8754 
60.2  0.9191  0.8895 
63.0  0.9300  0.9089 
65.9  0.9400  0.9183 
68.8  0.9472  0.9310 
71.6  0.9558  0.9410 
74.5  0.9635  0.9464 
77.3  0.9694  0.9504 
80.2  0.9726  0.9544 
83.1  0.9744  0.9557 
85.9  0.9771  0.9584 
88.8  0.9807  0.9631 
91.7  0.9807  0.9664 
94.5  0.9843  0.9691 
97.4  0.9870  0.9704 
100.3  0.9888  0.9731 
103.1  0.9902  0.9744 
106.0  0.9920  0.9764 
108.9  0.9938  0.9784 
111.7  0.9943  0.9804 
114.6  0.9943  0.9817 
117.5  0.9948  0.9844 
120.3  0.9953  0.9864 
123.2  0.9953  0.9871 
126.1  0.9953  0.9884 
128.9  0.9958  0.9891 
131.8  0.9963  0.9898 
134.6  0.9968  0.9905 
137.5  0.9977  0.9925 
140.4  0.9982  0.9938 
143.2  0.9982  0.9951 
146.1  0.9982  0.9964 
149.0  1.0000  0.9971 
151.8  1.0000  0.9978 
154.7  1.0000  0.9978 
157.6  1.0000  0.9978 
160.4  1.0000  0.9978 
163.3  1.0000  0.9978 
166.2  1.0000  0.9985 
169.0  1.0000  0.9992 
171.9  1.0000  0.9992 
174.8  1.0000  0.9999 
177.6  1.0000  1.0000 
